s,1,25784640,46103753,1676725625,31030963,13091303552,317823228,117824477
0,0,0,0,87574,59091
0,0,0,0,90914,46270
0,0,0,0,94131,39403
0,0,0,0,90285,35620
0,0,0,0,87509,44617
0,0,0,0,90423,34079
0,0,0,0,86157,43912
0,0,0,0,85152,39094
0,0,0,0,89503,35216
0,0,0,0,113228,66851
0,0,0,0,126918,73119
0,0,0,0,132622,85861
0,0,0,0,2176133,68921
0,0,0,0,2140216,768730
0,0,0,0,2266480,131666
0,0,0,0,85555,49309
0,0,0,0,95368,219443
0,0,0,0,98932,44763
0,0,0,0,96298,33022
0,0,0,0,93828,35531
0,0,0,0,87813,37708
0,0,0,0,96036,43740
0,0,0,0,96908,40605
0,0,0,0,92210,31234
0,0,0,0,88109,36919
0,0,0,0,92726,40306
0,0,0,0,91036,43237
0,0,0,0,94855,56743
0,0,0,0,89055,52298
0,0,0,0,94687,59437
0,0,0,0,91131,43880
0,0,0,0,84738,45712
0,0,0,0,83272,24363
0,0,0,0,86127,34471
0,0,0,0,97206,51014
0,0,0,0,88936,38189
0,0,0,0,99278,39638
0,0,0,0,91945,33152
0,0,0,0,92255,47702
0,0,0,0,92417,46841
0,0,0,0,90221,34352
0,0,0,0,91196,31198
0,0,0,0,90056,30220
0,0,0,0,85098,36556
0,0,0,0,117859,60816
0,0,0,0,137334,88806
0,0,0,0,127661,75910
0,0,0,0,1872884,91184
0,0,0,0,4527359,290120
0,0,0,0,3049991,99348
0,0,0,0,2729975,103216
0,0,0,0,3625697,430109
0,0,0,0,989561,78582
0,0,0,0,87166,38867
0,0,0,0,89879,41730
0,0,0,0,88199,39979
0,0,0,0,98962,59247
0,0,0,0,92946,35416
0,0,0,0,87198,51472
0,0,0,0,88906,53871
0,0,0,0,97623,45612
0,0,0,0,91422,49223
0,0,0,0,94062,40875
0,0,0,0,84243,41191
0,0,0,0,96365,55902
0,0,0,0,91169,41571
0,0,0,0,96256,40858
s,1,25785602,46103753,1676725625,31030963,13091303552,346146965,122442071
38844,0,132981,5717656,102289,276221
72078,719713,56996,17420018,56816,74008
74957,2782468,69110,17042594,64747,67446
64343,973558,28495,17452692,38783,58193
62745,328118,27015,16124394,42758,124072
68226,840543,26397,17560211,34608,55266
65354,755563,27932,17555937,38084,19884
67829,584487,28881,17556870,32032,14323
71260,627380,29899,18132806,36753,26634
67357,620015,26996,17695868,28438,17071
62459,380017,28553,17896697,30089,10939
66785,231576,23391,18445347,34978,28271
61663,187124,24604,16903878,31841,17085
60966,176289,19723,18251486,32603,26127
65854,163965,24754,18129955,29058,9571
65856,295075,27191,18435727,48974,28572
66371,126998,22516,18642483,44857,40660
69949,59785,22846,17899661,32796,34576
65629,190233,27785,18125713,31915,30794
66483,81760,21871,18082851,32428,39363
73405,213296,27324,18086783,34999,42961
66255,176367,24883,18287520,31375,24194
70365,170111,25828,18167925,32285,17276
66902,305633,26465,17963883,31427,23311
69871,52745,26807,17297481,30944,25304
70838,0,27369,17710445,28985,20808
62819,0,18390,17967750,29141,21537
79619,0,24500,16783873,35388,21609
65497,72608,20423,17492737,35655,15938
62171,99734,25715,16302073,35701,35296
62082,36757,15156,17238904,40572,26485
61448,5304,15562,17841045,31984,24979
56582,6630,15552,17580697,44614,42307
63815,3132,13689,17706941,47073,30565
58658,9282,15429,17734991,40777,24935
60393,5437,13283,17413635,41324,49985
62267,73871,14955,17779027,42792,34460
64227,23031,88375,17200588,42112,54492
71819,33085,32947,17399419,59573,52776
75379,46413,35712,17857103,49133,36076
72561,170426,24781,18001052,54711,37172
68282,87832,22101,17895273,52406,40540
62695,142951,24512,17028333,43817,34126
67131,493657,25777,16719740,41637,29418
74110,513526,31676,17634774,42035,23541
67849,216213,23169,17994463,43026,28173
71712,168149,24739,17973836,43458,35932
70717,90484,24751,17941684,49157,33268
71309,183172,28118,17735482,44503,33096
67818,70944,23263,17966922,44233,39636
74681,109690,29404,18160070,48609,29358
77654,191021,26915,18172622,46029,30956
72800,356062,28220,17323259,39980,29433
63467,17408,22361,17116945,46512,30290
60122,205900,25642,13370249,44012,19904
50524,73098,19174,10847033,39108,28016
42574,0,21676,3953214,42029,25950
30849,0,20706,1410436,44103,21140
27040,0,12972,661190,39815,9365
75724,337028,37331,15961300,59033,49951
67233,34648,20156,17872676,68594,42763
62571,17709,20478,13966409,85844,65536
70282,0,26736,17206639,67727,60901
67627,170519,25822,12291097,157958,36590
58647,310137,22440,17299744,442928,87365
65361,938205,25246,17609557,54577,35675
58399,186289,17703,16818676,46374,56561
53062,744194,21170,14729285,43145,29401
57169,87056,20201,17300476,45901,42769
61563,360658,20648,15458011,42031,36370
60217,578860,34166,15822120,43726,33842
54695,1246409,26361,15759290,45639,34179
64916,3030592,38062,17133044,48450,33811
51025,2582158,33766,12765383,44921,25037
45803,1861434,24507,12607976,47538,27706
11702,19156,7602,128625,43264,18539
52555,767705,31663,13955851,45439,47483
59017,1283642,28123,16867083,46727,42050
55867,1535001,20299,16777283,41318,39282
63889,110741,22735,17480029,46627,50022
55287,182133,18452,17488060,42772,30407
61047,2420,15213,18016403,43720,39734
57902,178863,20193,15634130,42311,29363
53911,0,17800,16396265,42992,36774
48621,153932,15631,13811447,40663,20891
48334,41678,19021,13253623,40089,16654
39507,126895,19381,7801677,40619,16515
40409,0,16565,10548362,42150,22448
37113,342379,13471,9185577,43923,25261
42855,264657,17835,10499671,42619,26370
44651,276011,14364,11777743,43939,28431
43911,204274,17546,10828427,41464,22778
50802,57378,25220,11582880,42928,13943
55265,273178,20990,15711494,41191,37157
60324,595387,18685,18254214,42206,23609
56019,462865,17867,17332687,66237,54716
61767,998138,26254,17474351,79523,106618
61898,434054,19417,16960559,455102,64137
63450,870835,24482,18105508,56383,39929
63303,102604,19844,16205550,706547,225818
49908,68799,28405,4395455,50780,43741
26840,1966286,24772,0,49313,38902
9741,2786427,15214,0,45640,50732
7879,3010197,13687,0,44894,24087
5121,2993156,10921,0,43358,34279
12670,2702057,21506,0,46696,38250
4346,3185760,14619,0,45420,38227
9269,3325310,20023,0,47143,45049
14239,3080878,23575,0,43248,33059
4208,604866,7219,0,48022,57504
461,230104,2909,0,46074,44084
1008,273554,4324,0,45079,42418
3829,215273,6253,0,45397,28281
1328,175519,4521,0,45101,26725
1302,158701,4566,0,44944,25778
6739,342946,7590,0,42074,46412
1992,300713,6840,0,44444,35842
4590,319774,8863,0,42126,27437
9041,1042383,13725,0,42169,29829
5829,1202085,15138,0,47319,27203
4983,944799,14291,0,56133,28173
3240,1451430,12202,0,43733,26629
1922,1725520,10339,0,42422,24373
3934,273304,10656,0,44600,30538
4080,613565,16801,0,42561,28349
6302,1134776,19184,0,43273,27718
6901,1268780,19611,0,39811,25904
6581,215745,12157,0,40914,20321
2924,615222,5322,0,39252,26752
7056,179029,10914,0,48765,44045
2704,217386,4352,0,72536,66103
8106,347028,10690,0,68485,54326
1258,283559,4501,0,2354273,121635
890,385319,5243,0,1383758,408628
2431,332078,6372,0,42501,27421
3290,210390,12711,0,48558,52718
1292,1358996,9956,0,44453,45070
3319,601593,10245,0,45847,39290
11094,338290,14914,0,44434,34909
2379,310547,4323,0,45598,42498
2250,175928,5588,0,46309,45477
743,151525,2000,0,44445,34868
2642,838157,11229,0,43352,45789
1628,1260474,12222,0,42567,37336
6770,882270,12844,0,45698,61487
1242,180364,3772,0,38171,26290
2634,1151208,16231,0,44402,27778
1469,1586750,10296,0,46623,32008
1230,1694455,9347,0,43456,49991
2110,1189995,9595,0,41082,33876
7422,76561,12017,0,39688,40467
4516,69762,3653,0,42415,40910
540,5523,1601,0,40996,19745
832,73226,2335,0,41105,27115
1516,16529,2892,0,42156,31254
1688,29536,3841,0,41307,25024
5955,418975,10475,0,40097,21550
0,0,0,0,53285,37273
0,0,0,0,52656,37511
0,0,0,0,39910,25449
0,0,0,0,39244,24939
0,0,0,0,40980,30878
0,0,0,0,43269,40587
0,0,0,0,66761,68513
0,0,0,0,68760,54672
e,1,25785768,0,0,0,0,55119,115311
s,1,25785768,52500981,1763637465,34200058,14671170430,358836986,129352478
0,0,0,0,45868,213213
0,0,0,0,19603,245056
0,0,0,0,9656,84621
0,0,0,0,30061,269436
0,0,0,0,4991,16732
0,0,0,0,4365,13681
0,0,0,0,7541,17499
0,0,0,0,7220,17066
0,0,0,0,9821,16506
0,0,0,0,3837,12724
0,0,0,0,6627,17679
0,0,0,0,12449,154430
0,0,0,0,4196,17199
0,0,0,0,3584,12650
2652,0,13429,0,23012,53203
0,0,0,0,16557,28800
22,0,22,0,11917,38586
0,0,0,0,5651,34617
22,0,22,0,7449,45729
0,0,0,0,5229,53997
22,0,22,0,6973,44467
0,0,0,0,7828,34712
1524,0,1456,0,30946,111871
0,0,0,0,12022,36456
0,0,0,0,20538,172435
0,0,0,0,9973,27080
0,0,0,0,4675,10490
0,0,0,0,4019,9866
11490,0,11507,2190907,11942,60155
25185,114897,9049,14049008,21470,42057
33090,158640,14244,15116474,63106,79781
31627,97998,9278,14624393,52016,266826
27444,37801,7003,14024902,144549,36169
31608,73720,7557,16503527,85812,23862
30836,152117,7829,15061225,20276,73424
33674,237418,7164,16595674,14851,21313
32669,237240,6563,15772380,14482,18341
24372,114088,5548,12236890,15364,17841
29676,31367,6821,16112272,18686,59962
34156,66998,6282,17276999,14558,15009
27780,68459,5545,13467242,17902,25794
33009,124197,6489,16568805,14360,19215
30314,99730,5897,15845612,15270,24815
35718,194767,10896,16141367,14353,21545
40315,1411046,20536,16123080,12794,14077
37516,335343,10019,15998780,15200,31564
32179,274621,6187,14741520,15847,33771
37167,184807,7754,17520975,14958,23981
33977,82327,7800,17575937,18267,27201
39989,45937,7119,16979145,15009,31266
37068,483002,9597,17261946,16727,43396
41606,1940726,11154,16946769,18182,27242
30538,2297852,9785,12933197,15959,28243
36973,2860222,17246,12623009,21735,45139
6476,4666880,14524,7321,20906,59502
4941,6147042,13245,7611,26923,46136
2574,1873418,7260,0,18869,37558
6610,2047162,11033,0,15892,21691
9720,1388603,11768,0,18543,33751
1668,1582560,5029,0,16497,18785
1403,1439240,4100,0,15583,19976
1683,1454893,4839,0,18898,127730
1684,1694893,4541,0,15680,24723
2048,1702864,5464,0,14012,23974
2101,2255486,6760,0,43275,55329
s,1,25785839,53377188,1793068450,34512737,15061477397,359994899,132492691
0,0,0,0,47847,250577
0,0,0,0,26571,73070
0,0,0,0,10844,20577
0,0,0,0,27621,123804
0,0,0,0,6047,14062
0,0,0,0,7518,13507
0,0,0,0,7474,15628
0,0,0,0,8070,20236
0,0,0,0,4071,12662
0,0,0,0,3185,8336
0,0,0,0,6163,26491
0,0,0,0,5262,16737
0,0,0,0,6975,11536
0,0,0,0,4038,16679
0,0,0,0,3570,10580
0,0,0,0,5004,22517
0,0,0,0,6790,37517
0,0,0,0,7692,40901
0,0,0,0,5620,41084
0,0,0,0,5288,59904
0,0,0,0,3904,34974
0,0,0,0,3528,20010
0,0,0,0,3887,15284
0,0,0,0,3270,22291
0,0,0,0,5196,26706
0,0,0,0,8354,35346
0,0,0,0,12852,28741
0,0,0,0,3316,23918
0,0,0,0,3687,16233
0,0,0,0,2616,2724
391,0,403,0,3010,8676
40,114744,1649,0,3107,14273
0,0,0,0,3287,20238
0,0,0,0,4354,33985
0,0,0,0,4725,16682
0,0,0,0,3245,17621
0,0,0,0,3074,14169
0,0,0,0,3281,20114
0,0,0,0,4703,19275
0,0,0,0,4439,19869
0,0,0,0,3107,13854
0,0,0,0,4538,18367
0,0,0,0,3204,8482
0,0,0,0,3060,18345
782,0,646,0,2927,13902
0,0,0,0,5536,29587
0,0,0,0,5219,28495
0,0,0,0,5413,28318
0,0,0,0,5009,36253
0,0,0,0,5797,39762
0,0,0,0,4280,22104
0,0,0,0,3447,20635
0,0,0,0,3125,19715
0,0,0,0,3136,25057
0,0,0,0,3256,19263
0,0,0,0,6088,18681
0,0,0,0,4910,18545
0,0,0,0,2773,13597
0,0,0,0,3113,16108
0,0,0,0,17363,30198
459,0,708,0,35214,47598
1150,91825,2191,0,50613,69581
461,185005,2306,0,39340,95298
190,280881,1411,0,34667,62912
100,327940,1414,0,5520,14907
954,367596,2580,0,3646,11847
678,583856,2353,0,6241,119801
578,857840,3590,0,4350,9496
652,1549582,3721,0,5880,22661
540,860848,3514,0,3639,16295
747,931781,3394,0,3242,14775
247,677965,2762,0,3532,27205
295,961080,3574,0,3910,22374
690,951420,3122,0,5804,20717
841,649623,3604,0,3962,29541
1898,593875,3916,0,4758,27116
501,928782,2629,0,4690,18504
162,269013,1278,0,4820,28141
1825,241750,2219,0,7486,25178
498,573460,2013,0,4846,30183
632,994831,2773,0,4742,28333
621,676966,2507,0,3355,21280
600,525661,1986,0,2783,15500
636,629514,2515,0,3311,13706
149,144858,461,0,3275,16028
1618,3671995,9265,0,6276,24307
810,1067976,4099,0,5447,17960
145,314862,589,0,3190,19986
751,936179,3180,0,4419,6647
1139,1114656,3860,0,3301,20282
1048,219996,2092,0,4904,20518
1004,1445762,6145,0,5931,12846
779,1822691,5953,0,4454,19628
410,1184830,3413,0,4257,25544
430,1396130,4018,0,36638,62184
485,206337,1192,0,40701,48894
1308,278030,1485,0,43815,52269
90,260899,1349,0,43051,56523
130,223686,530,0,189767,61174
556,321133,1559,0,1515188,69958
85,135391,736,0,154273,20473
28,63552,606,0,5769,46588
29,0,395,0,7996,168591
493,6177,774,0,4167,13972
495,78945,858,0,11169,214484
150,177238,1102,0,4872,31978
148,49227,480,0,4929,37388
50,164199,398,0,5381,28759
14,32846,243,0,4957,27216
50,0,45,0,4353,19744
441,52953,763,0,5151,34705
461,94261,1406,0,4991,27777
60,203905,817,0,3664,21299
861,230275,1671,0,3203,16763
1377,1599531,3909,0,3205,13896
1196,2113065,7226,0,3129,14554
1909,3039607,16794,0,3668,15476
1189,1376252,4198,0,4878,17194
531,391837,1621,0,3688,12356
50,0,2172,0,3274,24752
263,271067,1970,0,2735,7018
5843,441095,11496,0,4421,15931
1340,165409,2278,0,4150,21783
25,0,45,0,2668,15963
30,98352,147,0,2885,12611
421,98352,165,0,3501,21640
411,65568,423,0,4380,18401
411,65568,423,0,4459,12896
391,0,373,0,3354,20502
426,114744,438,0,3286,19884
0,0,45,0,9003,24576
4,0,27,0,30758,60105
0,0,45,0,31406,51300
4,0,36,0,50242,272621
0,0,27,0,45952,53492
391,0,337,0,35224,49234
395,0,356,0,1140082,114488
391,0,320,0,1585284,90387
395,0,329,0,6494,20975
391,0,329,0,6642,30884
1732,0,1613,0,6903,37798
391,0,329,0,6489,82365
395,0,36,0,4664,17803
391,0,333,0,3753,3625
400,16392,337,0,4059,22410
391,0,36,0,4953,10932
416,81960,413,0,5843,27852
411,65568,432,0,3684,16743
416,81960,413,0,4093,16985
391,0,391,0,3140,7611
1016,737640,4237,0,3456,16133
1199,1340091,8290,0,5951,19945
1637,708909,10059,0,4570,18163
1185,81960,3823,0,3284,14206
416,81960,441,0,3359,16512
456,131136,474,0,3429,9649
416,81960,432,0,5919,25272
75,131136,199,0,3961,17074
1780,79873,1775,0,3834,11348
463,65568,801,0,3237,18584
797,49176,818,0,3683,15040
812,98352,942,0,5726,13004
426,114744,640,0,5848,20378
411,65568,415,0,3116,15942
436,147528,508,0,3217,16339
461,147528,535,0,6051,30545
416,81960,413,0,5276,33475
431,131136,491,0,19613,78438
406,49176,406,0,37457,80269
494,114744,420,0,39118,68521
436,147528,553,0,39340,71151
401,32784,371,0,43748,68940
406,49176,406,0,1058087,405571
431,131136,518,0,1803841,152743
411,65568,432,0,7943,37972
426,114744,492,0,6090,19122
436,147528,490,0,12819,193314
406,49176,406,0,3314,20327
391,0,383,0,4234,39162
400,16392,364,0,5666,24088
905,153986,1336,0,3259,16960
784,119638,1320,0,3096,11825
821,1126360,2436,0,3342,10816
781,1267622,2294,0,3456,15558
827,958979,1600,0,5161,17245
826,1412922,2590,0,3556,19408
666,600774,1375,0,3574,19116
154,375748,1103,0,3472,13187
245,781716,2134,0,3264,16415
666,904511,1609,0,5328,19688
938,1159345,1892,0,3506,9863
95,281355,930,0,3689,15399
826,568940,2621,0,3404,24409
501,335238,1442,0,3851,4992
937,458342,2732,0,5581,31801
939,682341,3022,0,6755,30764
3721,7070125,23726,0,5544,45963
565,351032,975,0,4956,21098
511,391953,918,0,5258,28722
441,168627,1177,0,4954,30883
506,374553,869,0,5369,35815
491,323247,901,0,4772,10363
585,245875,1281,0,4642,16637
906,302306,1811,0,22299,58576
446,180312,561,0,33651,101652
481,213096,621,0,31269,45864
441,163920,544,0,38300,52149
65,98352,174,0,42642,190472
105,229488,310,0,860931,75764
451,196704,613,0,2888438,75100
1481,665923,2899,0,2886625,247466
1301,700005,1968,0,824808,53617
606,715856,1634,0,4505,15851
576,598399,1684,0,5589,13175
556,542003,1582,0,4755,20095
561,564366,1429,0,4845,62422
916,1701161,4128,0,3739,9377
626,790423,3172,0,3161,16431
691,983520,3061,0,4825,14810
2171,1086211,4644,0,4866,23953
656,628396,3256,0,3825,11037
526,463445,1893,0,4079,9554
476,270559,1049,0,3518,12767
456,213096,824,0,5334,13196
460,127677,705,0,6044,18710
781,118203,860,0,6154,32328
1149,901560,2243,0,6274,35377
1146,574879,2717,0,6560,20301
1549,991704,3354,0,5658,33595
1617,1866898,4466,0,6146,28987
1725,2156446,9353,0,7046,19225
704,556133,11712,0,5872,29679
768,370253,1783,0,3315,32360
721,1070584,3147,0,3413,11761
1178,1055765,4272,0,3720,17248
576,451790,1645,0,4118,17798
586,630180,1504,0,7085,17785
1967,797060,2806,0,7553,89528
691,969867,2591,0,4005,30734
929,705000,2189,0,3514,23162
275,902403,1963,0,6908,135343
